0808.1023
0903.0340
0908.2469
0908.3347
1001.4135
1003.5350
1010.2748
1106.3767
1203.1392
1203.1539
1206.1687
1206.1880
1207.4708
1208.0225
1208.4169
1211.4552
1305.4359
1306.4460
1306.6316
1307.1450
1307.4635
1310.1316
1312.1399
1312.2334
1312.6101
1403.1521
1406.4823
1406.5110
1406.7801
1410.3916
1410.5401
1412.2221
1503.07792
1503.08895
1505.00278
1506.04089
1510.03931
1602.03599
1605.06938
1606.06125
1608.00816
1609.02993
1610.09161
1611.00625
1611.02854
1611.09259
1612.02336
1701.02231
1701.06538
1702.00539
1703.01988
1703.10069
1704.08795
1705.08926
1706.03762
1706.05296
1706.05779
1706.07230
1707.02162
1707.03743
1708.02139
1708.04782
1709.00084
1710.03131
1710.04748
1711.08019
1801.02193
1802.10363
1803.05316
1803.10122
1803.10314
1803.11485
1804.00810
1804.03460
1804.07581
1804.10565
1805.00327
1805.09354
1805.11768
1806.07344
1806.11532
1807.05923
1807.08217
1807.08518
1808.01262
1808.05032
1809.06274
1809.07193
1809.09095
1810.04805
1810.08272
1811.03555
1811.06069
1811.06150
1811.08568
1812.00054
1812.00336
1812.03975
1812.11371
1901.02860
1902.04043
1902.04645
1903.00715
1903.01855
1903.03094
1904.02478
1904.12217
1905.13716
1906.02671
1906.03210
1906.03969
1906.06242
1906.10261
1906.10320
1907.00509
1907.05045
1907.09467
1907.09820
1908.05006
1908.05472
1908.11142
1909.05398
1909.08246
1911.10635
1912.01734
1912.03434
1912.06680
1912.13451
2001.01337
2001.08361
2001.09212
2002.07770
2002.09449
2002.10433
2003.01331
2003.01927
2003.08039
2003.14102
2004.04906
2004.05150
2004.14471
2004.14735
2005.02839
2005.11401
2005.13654
2005.13814
2005.14165
2006.10525
2006.16668
2007.01282
2007.13341
2008.03444
2009.05643
2009.08361
2009.08922
2010.01523
2010.02330
2010.05677
2010.08531
2010.09073
2010.11842
2011.12692
2011.12895
2011.13729
2011.XXXX
2012.00829
2012.02710
2012.03208
2012.13169
2101.03961
2103.02284
2103.02976
2103.11525
2103.15294
2104.00250
2104.05372
2105.06494
2105.08830
2105.08959
2105.11896
2106.00517
2107.05612
2107.07630
2108.10540
2108.11010
2108.12581
2109.12691
2109.14730
2110.04507
2110.05343
2110.05877
2110.07493
2111.11517
2112.03809
2112.04426
2112.07292
2112.09332
2201.01247
2201.04612
2201.11903
2201.11994
2202.03730
2202.06285
2202.10297
2202.10766
2202.10898
2203.02155
2203.03288
2203.04608
2203.08454
2203.08913
2203.11171
2203.15426
2203.15556
2204.01691
2204.06934
2205.00445
2205.05784
2205.08683
2205.10625
2205.14135
2206.07185
2206.08853
2206.12247
2207.01206
2207.01289
2207.02007
2207.03428
2207.12323
2208.05056
2208.07298
2208.08552
2209.01551
2209.02147
2209.06904
2209.11553
2210.03629
2210.07738
2210.08726
2211.04591
2211.10435
2211.15612
2211.17192
2212.03387
2212.07015
2212.08594
2212.12502
2212.12669
2301.02083
2301.02308
2301.12652
2302.01415
2302.03167
2302.04761
2302.05792
2302.06366
2302.07691
2302.10098
2302.12783
2302.13971
2303.01328
2303.11366
2303.12773
2303.13472
2304.00755
2304.03442
2304.04332
2304.06395
2304.06811
2304.09697
2305.06854
2305.06983
2305.10250
2305.10601
2305.11814
2305.15334
2305.16291
2305.17118
2306.13304
2306.14898
2307.03172
2307.08691
2307.09383
2307.09905
2307.13854
2307.15751
2307.16789
2308.00352
2308.03688
2308.04623
2308.08155
2308.08347
2308.10144
2308.11432
2308.16369
2308.16542
2309.02427
2309.02983
2309.06180
2309.08822
2309.11860
2310.00815
2310.04406
2310.06694
2310.06770
2310.06830
2310.08235
2310.08560
2310.11511
2310.20008
2310.20430
2311.02206
2311.02650
2311.04824
2311.10482
2311.10537
2311.12983
2311.15649
2312.05783
2312.06455
2312.07104
2312.09577
2312.11865
2312.17682
2401.03238
2401.04088
2401.07324
2401.09670
2401.13649
2401.15391
2401.15884
2401.17749
2402.01030
2402.01528
2402.12275
2402.14160
2402.17553
2403.02310
2403.07481
2403.08299
2403.09054
2403.12968
2403.15341
2403.19708
2404.04218
2404.05427
2404.07972
2404.08706
2404.08901
2404.09526
2404.10740
2404.14469
2404.16130
2404.16381
2404.17794
2405.01693
2405.14366
2405.14831
2405.15194
2405.15793
2405.16444
2406.02069
2406.04692
2406.05317
2406.11430
2406.12276
2406.18518
2407.00439
2407.01489
2407.03637
2407.04363
2407.04924
2407.06509
2407.08608
2407.11816
2407.12036
2407.12784
2407.16741
2408.14017
2408.14345
2409.00142
2409.07429
2409.16299
2410.03065
2410.06153
2410.08164
2410.12876
2410.15704
2411.00308
2411.05348
2411.10454
2411.14330
2411.14579
2412.00061
2412.05467
2412.08054
2412.15517
2501.10344
2501.10893
2501.13051
2501.15068
2501.19324
2502.03805
2502.05311
2502.06975
2502.09809
2502.11705
2502.12110
2502.15237
2503.00491
2503.02686
2503.03108
2503.05383
2503.18688
2503.18748
2503.21760
2504.03890
2504.09936
2505.00039
2505.07236
2505.08600
2505.08906
2505.18458
2505.20850
2506.01954
2506.01986
2506.07311
2506.10384
2506.11309
2506.16042
2506.22694
2507.01664
2507.03293
2507.07400
2507.08523
2507.10301
2507.10391
2507.12640
2507.15618
2507.19823
2507.22925
2508.02110
2508.03341
2508.06836
2508.09105
2508.11443
2508.12572
2508.15264
2508.16580
2508.17219
2508.21323
2508.21706
2509.01966
2509.03682
2509.03990
2509.04253
2509.04474
2509.06439
2509.08315
2509.09734
2509.11901
2509.12117
2509.12927
2509.13978
2509.18454
2509.23045
2510.03204
2510.08665
2510.08939
2510.13161
2510.13343
2510.13725
2510.16952
2510.17862
2510.19949
2510.22609
2510.22689
2510.24563
2510.25726
2511.00865
2511.03690
2511.11733
2511.13112
2511.20340
2511.20857
2511.23429
2512.03083
2512.05103
2512.05224
2512.12597
2512.14946
2512.16444
2512.18564
2512.20237
2512.23765
2601.03785
2601.07143
2601.21714
2601.22398
2602.02197
2602.03275
2602.05651
2602.05850
2602.14038
2602.14857
2602.16855
2602.18508
2602.21394
2602.23368
2603.02473
2603.03296
2603.06608
2603.07557
2603.11768
2603.13404
2603.15099
2603.15642
2603.16169
2603.19133
2603.19276
2603.22862
2603.24606
2603.24841
2604.01967
2604.03964
2604.07798
2604.09666
2604.11767
2604.12902
2604.15464
2604.16548
2604.17701
2604.20073
2604.20779
2605.00417
2605.02113
2605.06716
2605.09100
2605.10840
2605.12460
2605.14421
2605.14498
2605.16821
2605.17119
2605.17641
2605.19952
2605.20616
2605.20833
2605.26558
2605.30690
2606.00145
2606.02394
2606.03054
2606.04202
2606.04780
2606.06036
2606.09526
2606.09774
2606.09832
2606.10677
2606.14919
2606.15017
2606.16824
2606.18198
2606.19667
2606.20210
2606.21654
2606.24467
2606.24711
2606.24775
2606.25161
2606.26607
2606.27806
2606.29537
2606.29563
2606.30092
2607.00760
2607.04008
2607.08690
2607.09510
2607.10113
2607.12267
2607.12642
2607.13935
2607.15738
2607.15876
2607.16211
2607.17545
2607.23971
2607.24097
2607.25297
2607.26637
2607.28591
2607.28928
2607.29167
2608.00267
2608.00966
2608.01269
2608.01657
2608.02650
2608.04366
2608.05886
2608.06811
2608.07429
2608.10037
cmp-lg/9406008
cs/0106034
cs/0501053
cs/0510012
cs/0601043
q-bio/0604003
